[gd_scene load_steps=10 format=3 uid="uid://c6x0asf56jqqj"]

[ext_resource type="Script" uid="uid://qks4dq0jsh2q" path="res://scripts/player/char_player.gd" id="1_mh2ny"]
[ext_resource type="Script" uid="uid://6k4tkr6avx2g" path="res://scripts/player/rb_player.gd" id="2_s415c"]
[ext_resource type="Material" uid="uid://vogawonmy3" path="res://material/shaders/terrain/mat_uv_minecraft.tres" id="3_iwa3u"]
[ext_resource type="PackedScene" uid="uid://nhdecubqhuf8" path="res://scripts/camera/fly_camera/Camera_Fly.tscn" id="4_c6xvm"]

[sub_resource type="ProceduralSkyMaterial" id="ProceduralSkyMaterial_mh2ny"]
sky_horizon_color = Color(0.66224277, 0.6717428, 0.6867428, 1)
ground_horizon_color = Color(0.66224277, 0.6717428, 0.6867428, 1)

[sub_resource type="Sky" id="Sky_s415c"]
sky_material = SubResource("ProceduralSkyMaterial_mh2ny")

[sub_resource type="Environment" id="Environment_pg2bq"]
background_mode = 2
sky = SubResource("Sky_s415c")
tonemap_mode = 2
glow_enabled = true

[sub_resource type="CapsuleShape3D" id="CapsuleShape3D_mh2ny"]

[sub_resource type="CapsuleMesh" id="CapsuleMesh_tbe8a"]

[node name="PlayerWorld" type="Node3D"]

[node name="WorldEnvironment" type="WorldEnvironment" parent="."]
environment = SubResource("Environment_pg2bq")

[node name="DirectionalLight3D" type="DirectionalLight3D" parent="."]
transform = Transform3D(-0.8660254, -0.43301278, 0.25, 0, 0.49999997, 0.86602545, -0.50000006, 0.75, -0.43301266, 0, 0, 0)
shadow_enabled = true
directional_shadow_max_distance = 1.0

[node name="Char3D" type="CharacterBody3D" parent="."]
transform = Transform3D(1, 0, 0, 0, 1, 0, 0, 0, 1, 0.8366909, 0, -1.9645844)
script = ExtResource("1_mh2ny")

[node name="CollisionShape3D" type="CollisionShape3D" parent="Char3D"]
transform = Transform3D(1, 0, 0, 0, 1, 0, 0, 0, 1, 0, 1, 0)
shape = SubResource("CapsuleShape3D_mh2ny")

[node name="MeshInstance3D" type="MeshInstance3D" parent="Char3D"]
transform = Transform3D(1, 0, 0, 0, 1, 0, 0, 0, 1, 0, 1, 0)
mesh = SubResource("CapsuleMesh_tbe8a")
skeleton = NodePath("../..")

[node name="Rb3D" type="RigidBody3D" parent="."]
transform = Transform3D(1, 0, 0, 0, 1, 0, 0, 0, 1, -2.6553364, 0, -1.9957273)
script = ExtResource("2_s415c")

[node name="CollisionShape3D" type="CollisionShape3D" parent="Rb3D"]
transform = Transform3D(1, 0, 0, 0, 1, 0, 0, 0, 1, 0, 1, 0)
shape = SubResource("CapsuleShape3D_mh2ny")

[node name="MeshInstance3D" type="MeshInstance3D" parent="Rb3D"]
transform = Transform3D(1, 0, 0, 0, 1, 0, 0, 0, 1, 0, 1, 0)
mesh = SubResource("CapsuleMesh_tbe8a")
skeleton = NodePath("../..")

[node name="CSGBox3D" type="CSGBox3D" parent="."]
transform = Transform3D(1, 0, 0, 0, 1, 0, 0, 0, 1, 0, -0.90903175, 0)
use_collision = true
size = Vector3(50, 1, 50)
material = ExtResource("3_iwa3u")

[node name="Camera_Fly" parent="." instance=ExtResource("4_c6xvm")]
transform = Transform3D(1, 0, 0, 0, 0.931501, 0.36373907, 0, -0.36373907, 0.931501, 0, 5.409197, 5.5550213)

[node name="CSGBox3D2" type="CSGBox3D" parent="."]
transform = Transform3D(1, 0, 0, 0, 1, 0, 0, 0, 1, -1.2422438, -0.2549634, -5.7253623)
use_collision = true
size = Vector3(7.6941833, 1, 1)

[node name="CSGBox3D3" type="CSGBox3D" parent="."]
transform = Transform3D(1, 0, 0, 0, 0.44942808, 0.8933165, 0, -0.8933165, 0.44942808, -9.48802, 0.63276196, -8.300925)
use_collision = true
size = Vector3(5.143921, 8.327026, 1)
